      0/99     0.74G    0.0876    0.0196   0.05362    0.1608        11       416    0.9378   0.04545   0.04582   0.01644   0.08117  0.009971   0.04568
      1/99      1.1G   0.07657   0.01912    0.0394    0.1351         7       416     0.459    0.1938   0.08326   0.02658   0.07678  0.009347   0.03647
      2/99    0.757G   0.07499   0.01899   0.03666    0.1306        11       416    0.7065    0.0928   0.07601   0.02485   0.07754  0.009729   0.03508
      3/99    0.751G   0.07306   0.01932   0.03459     0.127        11       416    0.3685    0.1968    0.0926   0.02952   0.07579  0.009538   0.03246
      4/99    0.755G   0.07006   0.01922     0.031    0.1203        11       416    0.5114    0.1699   0.09464    0.0286   0.07558  0.009214   0.03142
      5/99    0.816G    0.0708   0.01912   0.03277    0.1227         7       416    0.5422    0.1991    0.1169   0.04161   0.07382  0.009343   0.03129
      6/99    0.816G   0.06974   0.01911   0.03155    0.1204        13       416    0.6227    0.1819    0.1471   0.05177   0.07085  0.009318   0.02685
      7/99    0.816G   0.06903   0.01878   0.03071    0.1185        13       416    0.5695    0.2129    0.1522   0.05752   0.07044  0.009192   0.02664
      8/99    0.816G   0.06836   0.01878    0.0298    0.1169         7       416    0.4551    0.2378    0.1501   0.04906   0.07066  0.009088   0.02562
      9/99    0.816G   0.06774   0.01882   0.02885    0.1154         6       416    0.5659     0.201    0.1535   0.05759   0.07114  0.009254   0.02687
     10/99    0.816G   0.06678   0.01891    0.0283     0.114         8       416     0.432    0.2785    0.1798   0.06793   0.06949  0.009248   0.02446
     11/99    0.816G   0.06644    0.0187   0.02792    0.1131         6       416    0.5778      0.25    0.1745   0.06641   0.06893  0.009353   0.02549
     12/99    0.816G   0.06588   0.01858   0.02718    0.1116        12       416    0.4458    0.2992    0.1985   0.08322   0.06752  0.009094   0.02394
     13/99    0.816G   0.06521   0.01859   0.02677    0.1106        13       416    0.5963    0.2389       0.2   0.08216    0.0681  0.008964   0.02351
     14/99    0.816G   0.06513   0.01845   0.02616    0.1097        15       416    0.4519    0.2607    0.1992   0.08004   0.06741   0.00888   0.02259
     15/99    0.816G   0.06478   0.01847   0.02595    0.1092        14       416    0.5364    0.2544    0.2086   0.08658   0.06662  0.009358   0.02252
     16/99    0.816G   0.06423   0.01861   0.02584    0.1087        10       416    0.4981    0.2752    0.2143   0.09126    0.0665  0.009019    0.0232
     17/99    0.816G   0.06417    0.0184   0.02546     0.108         8       416    0.5217    0.2347    0.2034   0.08536   0.06647  0.009027   0.02238
     18/99    0.816G   0.06369   0.01855   0.02506    0.1073        15       416    0.4901    0.2927    0.2071   0.08888   0.06592  0.008995   0.02195
     19/99    0.816G   0.06347   0.01829   0.02476    0.1065        11       416    0.5194    0.2735    0.2214   0.09769   0.06521  0.008834   0.02175
     20/99    0.816G   0.06325    0.0183   0.02441     0.106        12       416    0.5062    0.3116    0.2269   0.09842   0.06547  0.008997    0.0217
     21/99    0.816G   0.06285   0.01851   0.02413    0.1055        12       416     0.491     0.299    0.2374    0.1049   0.06489  0.008926   0.02107
     22/99    0.816G   0.06231   0.01829   0.02382    0.1044         5       416    0.5176    0.2986    0.2324    0.1054   0.06468  0.008907   0.02134
     23/99    0.816G   0.06252   0.01842   0.02368    0.1046         8       416    0.4898    0.2843    0.2219    0.1007   0.06443  0.009015   0.02123
     24/99    0.816G   0.06237   0.01807   0.02336    0.1038        15       416    0.3774    0.3028     0.231    0.1031   0.06432  0.008845   0.02038
     25/99    0.816G   0.06136   0.01832   0.02256    0.1022         7       416    0.4078    0.3275    0.2357    0.1104    0.0638  0.008881   0.02053
     26/99    0.816G   0.06189   0.01794   0.02281    0.1026         7       416    0.5249    0.2991    0.2404    0.1164   0.06315  0.008838   0.01944
     27/99    0.816G   0.06128   0.01803   0.02267     0.102        12       416    0.4945    0.3172    0.2407    0.1141   0.06296  0.008781   0.02015
     28/99    0.816G   0.06122   0.01831   0.02246     0.102        11       416    0.5032    0.3007     0.243    0.1165   0.06299  0.008761   0.02005
     29/99    0.816G   0.06074   0.01816   0.02201    0.1009        10       416    0.5147    0.3069    0.2387    0.1164   0.06274  0.008822   0.01965
     30/99    0.816G   0.06053   0.01799   0.02189    0.1004         9       416    0.3642    0.3411    0.2377     0.117   0.06285  0.008779   0.01984
     31/99    0.818G   0.06067   0.01802   0.02164    0.1003        14       416     0.379    0.3213    0.2431    0.1184   0.06238  0.008823   0.01934
     32/99    0.818G   0.06055   0.01787    0.0216       0.1        10       416    0.2488    0.3455    0.2549    0.1265   0.06208  0.008841   0.01961
     33/99    0.818G   0.06004   0.01807   0.02141   0.09952        10       416    0.3871    0.3426    0.2553    0.1265   0.06213  0.008837    0.0197
     34/99    0.818G   0.05978   0.01778   0.02109   0.09865         9       416    0.2594    0.3609    0.2506    0.1272    0.0618  0.008788   0.01928
     35/99    0.818G   0.05909   0.01782   0.02057   0.09748         5       416    0.3216    0.3652    0.2547    0.1328   0.06139   0.00883   0.01913
     36/99    0.818G   0.05947   0.01768   0.02108   0.09824        14       416    0.3958    0.3342    0.2544    0.1317   0.06124  0.008842   0.01964
     37/99    0.818G   0.05917   0.01791   0.02071   0.09779        12       416    0.3916    0.3509    0.2629    0.1364   0.06103  0.008792   0.01943
     38/99    0.818G   0.05882   0.01803   0.02038   0.09723         8       416    0.2676     0.332    0.2543    0.1308   0.06107  0.008757   0.01893
     39/99    0.818G   0.05869   0.01786   0.02021   0.09675         9       416    0.2672    0.3903    0.2555    0.1358   0.06045  0.008816   0.01877
     40/99    0.818G   0.05821   0.01773   0.02012   0.09605         8       416    0.5317    0.3465     0.263    0.1381   0.06055  0.008792   0.01895
     41/99    0.818G   0.05838   0.01798   0.01959   0.09595        16       416    0.2575     0.396    0.2624    0.1366   0.06063  0.008783   0.01867
     42/99    0.818G   0.05819   0.01764   0.01987    0.0957         5       416    0.2516    0.3784    0.2638    0.1388   0.06063  0.008815   0.01854
     43/99    0.818G   0.05783   0.01773   0.01922   0.09478         9       416    0.5479    0.3456    0.2637     0.138   0.06034  0.008755    0.0183
     44/99    0.818G   0.05741   0.01786   0.01908   0.09434        13       416    0.2819    0.3461    0.2641    0.1409   0.06032  0.008767   0.01845
     45/99    0.818G   0.05765    0.0177    0.0188   0.09415         8       416    0.2765    0.3892    0.2677    0.1411    0.0598  0.008788   0.01854
     46/99    0.818G   0.05756    0.0177   0.01911   0.09437        11       416    0.2925    0.3958    0.2709    0.1437   0.06019  0.008739   0.01834
     47/99    0.818G   0.05742   0.01771   0.01885   0.09398         7       416     0.322    0.3654    0.2654    0.1387   0.06041  0.008716   0.01877
     48/99    0.818G   0.05661   0.01752   0.01859   0.09272        13       416    0.3104    0.3661    0.2618    0.1419   0.05998  0.008768   0.01859
     49/99    0.818G   0.05687   0.01776   0.01848    0.0931         9       416    0.3276    0.3711    0.2631    0.1446   0.05974  0.008757   0.01856
     50/99    0.818G   0.05646   0.01761   0.01809   0.09216         9       416    0.3062    0.3707    0.2681    0.1457   0.05967  0.008764   0.01853
     51/99    0.818G   0.05616   0.01749    0.0176   0.09125        12       416    0.2905    0.3976    0.2667    0.1442   0.05959  0.008718   0.01852
     52/99    0.818G    0.0564   0.01764   0.01815   0.09219        12       416    0.3012    0.3815    0.2686    0.1477   0.05922  0.008741   0.01867
     53/99    0.818G   0.05592   0.01766   0.01751   0.09108        13       416    0.2741    0.4193      0.27     0.148   0.05918  0.008843   0.01868
     54/99    0.818G   0.05592   0.01765   0.01749   0.09106        11       416    0.2875    0.4056    0.2649    0.1457   0.05919  0.008853   0.01886
     55/99    0.818G   0.05555   0.01736   0.01717   0.09008        13       416    0.3244    0.3858    0.2675    0.1483   0.05896  0.008836    0.0187
     56/99    0.818G   0.05542   0.01737   0.01728   0.09007         8       416    0.3275     0.387    0.2729    0.1529   0.05875  0.008778    0.0183
     57/99    0.818G   0.05542   0.01758   0.01685   0.08985        15       416    0.2952    0.4145    0.2762    0.1573   0.05853   0.00873   0.01832
     58/99    0.818G   0.05486   0.01735   0.01665   0.08886         5       416    0.2901    0.4132    0.2719    0.1565   0.05847  0.008773   0.01836
     59/99    0.818G   0.05466   0.01738   0.01619   0.08823         8       416    0.3103    0.3842    0.2707    0.1559   0.05839  0.008807   0.01838
     60/99    0.818G   0.05471   0.01721   0.01615   0.08807         6       416    0.3105    0.3875    0.2741    0.1571   0.05845  0.008776   0.01838
     61/99    0.818G   0.05437   0.01715   0.01608    0.0876        14       416    0.3142    0.3799    0.2725    0.1574   0.05841  0.008772   0.01835
     62/99    0.818G   0.05419   0.01718   0.01565   0.08701        13       416    0.2834     0.411    0.2748     0.158   0.05836  0.008808   0.01823
     63/99    0.818G   0.05393   0.01737   0.01594   0.08724        13       416    0.2887    0.4008    0.2731    0.1586   0.05826  0.008819   0.01861
     64/99    0.818G   0.05389   0.01729   0.01548   0.08666        15       416    0.3125    0.3774    0.2699    0.1586    0.0582  0.008822   0.01885
     65/99    0.818G   0.05384   0.01716   0.01552   0.08651        12       416    0.3057    0.3965    0.2715    0.1578   0.05806  0.008843   0.01877
     66/99    0.818G   0.05342   0.01717   0.01514   0.08573        15       416    0.3079    0.3935    0.2726    0.1596   0.05796  0.008846   0.01899
     67/99    0.818G   0.05303   0.01693   0.01466   0.08462         7       416    0.3124    0.3923    0.2707    0.1603   0.05779  0.008853   0.01916
     68/99    0.818G   0.05314   0.01731   0.01455     0.085         6       416    0.3124    0.3983    0.2722    0.1606   0.05777  0.008859   0.01912
     69/99    0.818G   0.05289   0.01711   0.01458   0.08458        17       416    0.2908    0.4241    0.2749    0.1646   0.05764  0.008878   0.01921
     70/99    0.818G   0.05239     0.017   0.01438   0.08377        14       416    0.2954    0.4216    0.2764    0.1666   0.05761  0.008879   0.01912
     71/99    0.818G   0.05231   0.01701   0.01452   0.08384         9       416    0.3052    0.4129    0.2784    0.1674   0.05752  0.008886   0.01906
     72/99    0.818G   0.05175   0.01709   0.01393   0.08277         5       416    0.3063    0.4039    0.2786    0.1671   0.05747  0.008897   0.01911
     73/99    0.818G   0.05222   0.01705   0.01376   0.08302         8       416    0.3056    0.4019    0.2755    0.1656   0.05745  0.008909   0.01913
     74/99    0.818G   0.05163   0.01709   0.01365   0.08237        10       416    0.3146    0.3987    0.2754    0.1659    0.0575  0.008911   0.01922
     75/99    0.818G    0.0516   0.01691   0.01359    0.0821         7       416    0.3146    0.4024    0.2764    0.1675   0.05754  0.008897   0.01927
     76/99    0.818G   0.05183   0.01717   0.01354   0.08253        10       416     0.291    0.4288    0.2796    0.1689   0.05761  0.008908   0.01928
     77/99    0.818G   0.05104   0.01702   0.01334   0.08141         7       416    0.2936    0.4305    0.2808    0.1695   0.05766  0.008907   0.01935
     78/99    0.818G   0.05112   0.01696   0.01304   0.08112        12       416    0.2949    0.4378    0.2807    0.1713   0.05769  0.008919   0.01948
     79/99    0.818G   0.05092   0.01674   0.01292   0.08058         8       416    0.2934    0.4336    0.2799    0.1704    0.0577  0.008921   0.01953
     80/99    0.818G   0.05074   0.01686   0.01292   0.08052        13       416     0.297    0.4265    0.2801    0.1703    0.0577  0.008937   0.01962
     81/99    0.818G   0.05021   0.01674   0.01221   0.07917        11       416    0.2987    0.4258    0.2808    0.1715   0.05763  0.008943   0.01974
     82/99    0.818G   0.04995   0.01672   0.01216   0.07883         6       416    0.3068     0.415    0.2813    0.1716    0.0576  0.008951   0.01985
     83/99    0.751G   0.04994   0.01666   0.01205   0.07865        11       416    0.3065    0.4117    0.2823    0.1733   0.05756  0.008961   0.01999
     84/99    0.816G   0.04969   0.01668   0.01201   0.07838         7       416     0.304    0.4192    0.2833    0.1731   0.05754  0.008964   0.02005
     85/99    0.816G   0.04946   0.01672   0.01177   0.07795        13       416    0.3121     0.407    0.2826    0.1735   0.05751  0.008972   0.02004
     86/99    0.816G   0.04961   0.01657   0.01172   0.07791        13       416     0.307    0.4153    0.2818    0.1741   0.05747  0.008978   0.02007
     87/99    0.816G   0.04947   0.01658   0.01127   0.07733         7       416    0.3065    0.4147    0.2818    0.1745   0.05745  0.008983   0.02012
     88/99    0.816G   0.04915   0.01657   0.01095   0.07667         6       416    0.2976    0.4265    0.2808    0.1744   0.05744  0.008991   0.02013
     89/99    0.816G   0.04899   0.01666   0.01132   0.07697         8       416    0.3002    0.4209    0.2798    0.1746   0.05743  0.008999   0.02014
     90/99    0.816G   0.04866   0.01653    0.0108   0.07599         6       416     0.296    0.4239      0.28    0.1749   0.05743  0.009004   0.02018
     91/99    0.816G   0.04847   0.01644   0.01107   0.07599        12       416    0.2992    0.4189    0.2799    0.1752   0.05743  0.009015   0.02027
     92/99    0.816G   0.04814   0.01635   0.01083   0.07532        13       416     0.294     0.424    0.2787    0.1752    0.0574  0.009026   0.02031
     93/99    0.816G   0.04822   0.01633   0.01056   0.07511        15       416     0.297    0.4218     0.278    0.1751   0.05742  0.009037   0.02038
     94/99    0.816G    0.0483   0.01637   0.01062    0.0753        14       416    0.2966    0.4205    0.2777    0.1753   0.05742  0.009044   0.02048
     95/99    0.816G   0.04785   0.01648   0.01049   0.07482        10       416    0.2976    0.4171    0.2784    0.1755   0.05742  0.009051   0.02055
     96/99    0.816G   0.04787   0.01632   0.01012   0.07431         8       416    0.2962    0.4168    0.2778    0.1752   0.05742  0.009058   0.02062
     97/99    0.816G   0.04772   0.01639   0.01022   0.07433        15       416    0.2972    0.4179    0.2777    0.1747   0.05743  0.009066   0.02064
     98/99    0.816G   0.04759   0.01626   0.01026    0.0741        11       416     0.298    0.4175    0.2784    0.1749   0.05743  0.009073   0.02066
     99/99    0.818G    0.0476    0.0162   0.01003   0.07383        12       416    0.3007    0.4151    0.2793    0.1754   0.05742   0.00908   0.02071
